0.193359375
0.29648437499999997
0.399609375
0.5285156249999999
0.605859375
0.708984375
0.8121093749999999
0.9152343749999999
1.018359375
1.1214843749999999
1.198828125
1.276171875
1.353515625
1.4308593749999998
1.5082031249999999
1.5726562499999999
1.6371093749999999
1.714453125
1.7660156249999999
1.8175781249999998
1.843359375
1.9464843749999998
1.98515625
2.03671875
2.075390625
2.126953125
2.165625
2.2171875
2.255859375
2.29453125
2.333203125
2.358984375
2.384765625
2.4363281249999997
2.44921875
2.462109375
2.5265625
2.55234375
2.5652343749999997
2.6039062499999996
2.616796875
2.642578125
2.68125
2.70703125
2.70703125
2.745703125
2.745703125
2.771484375
2.7972656249999996
2.8230468749999997
2.8230468749999997
2.848828125
2.848828125
2.874609375
2.874609375
2.91328125
2.9261718749999996
2.9261718749999996
2.9519531249999997
2.9519531249999997
2.96484375
2.977734375
2.977734375
3.003515625
3.003515625
3.003515625
3.029296875
3.0421875
2.9390625
2.81015625
2.6941406249999997
2.6039062499999996
2.5007812499999997
2.39765625
2.3203125
2.26875
2.165625
2.0625
1.9593749999999999
1.9078125
1.85625
1.7531249999999998
1.7015624999999999
1.65
1.546875
1.4953124999999998
1.4437499999999999
1.3921875
1.340625
1.2890625
1.2374999999999998
1.1859374999999999
1.147265625
1.095703125
1.0570312499999999
1.03125
0.9796874999999999
0.928125
0.9152343749999999
0.8507812499999999
0.8507812499999999
0.825
0.7863281249999999
0.7476562499999999
0.734765625
0.6832031249999999
0.6703125
0.64453125
0.6187499999999999
0.605859375
0.580078125
0.554296875
0.5285156249999999
0.515625
0.48984374999999997
0.476953125
0.4640625
0.451171875
0.43828124999999996
0.4125
0.4125
0.37382812499999996
0.36093749999999997
0.348046875
0.33515625
0.322265625
0.322265625
0.29648437499999997
0.28359375
0.270703125
0.270703125
0.2578125
0.24492187499999998
0.23203125
0.23203125
0.21914062499999998