0.09023437499999999
0.193359375
0.348046875
0.399609375
0.554296875
0.6832031249999999
0.7734375
0.863671875
0.966796875
1.069921875
1.1214843749999999
1.198828125
1.276171875
1.353515625
1.4308593749999998
1.4953124999999998
1.5726562499999999
1.6242187499999998
1.6371093749999999
1.740234375
1.8046875
1.843359375
1.9078125
1.9464843749999998
1.998046875
2.0496093749999997
2.101171875
2.13984375
2.1785156249999997
2.204296875
2.255859375
2.281640625
2.3074218749999997
2.34609375
2.384765625
2.410546875
2.44921875
2.462109375
2.5007812499999997
2.513671875
2.5394531249999996
2.5652343749999997
2.591015625
2.6296874999999997
2.65546875
2.642578125
2.6683593749999996
2.6941406249999997
2.719921875
2.7328124999999996
2.7585937499999997
2.7585937499999997
2.784375
2.7972656249999996
2.81015625
2.8359375
2.8230468749999997
2.848828125
2.848828125
2.8617187499999996
2.874609375
2.900390625
2.900390625
2.91328125
2.9261718749999996
2.9261718749999996
2.9519531249999997
2.9519531249999997
2.96484375
2.977734375
2.977734375
2.977734375
3.003515625
3.003515625
3.003515625
3.0164062499999997
3.003515625
3.029296875
3.029296875
3.029296875
3.0421875
2.91328125
2.7972656249999996
2.6941406249999997
2.578125
2.4749999999999996
2.39765625
2.3203125
2.2171875
2.1140624999999997
2.0625
1.9593749999999999
1.8820312499999998
1.8175781249999998
1.7531249999999998
1.67578125
1.65
1.546875
1.4953124999999998
1.4437499999999999
1.3664062499999998
1.340625
1.276171875
1.2374999999999998
1.1859374999999999
1.134375
1.095703125
1.03125
1.00546875
0.9796874999999999
0.928125
0.90234375
0.8765624999999999
0.825
0.79921875
0.760546875
0.734765625
0.69609375
0.6703125
0.6574218749999999
0.631640625
0.6187499999999999
0.5929687499999999
0.5671875
0.54140625
0.515625
0.502734375
0.476953125
0.4640625
0.451171875
0.43828124999999996
0.4125
0.4125
0.37382812499999996
0.36093749999999997
0.348046875
0.348046875
0.322265625
0.322265625
0.30937499999999996
0.28359375
0.270703125
0.270703125
0.2578125
0.24492187499999998
0.23203125
0.24492187499999998
0.21914062499999998